1  13  0.1347310869057611
1  30  0.16220908803204495
1  140  0.1456942106805454
1  199  0.15217379570244674
1  207  0.12070549382304278
1  210  0.18590180021550795
1  219  0.13535208971081616
1  267  0.12085195940561887
1  268  0.1327257684096368
1  280  0.12040217821105167
1  291  0.12159887630033966
1  302  0.12515890789026415
1  324  0.1234249218086802
1  333  0.1309290014034809
1  347  0.12034278044570224
1  351  0.16255293364739118
1  357  0.13050450551602052
1  363  0.177922891037395
1  369  0.14090205292310246
1  401  0.15647240286522662
1  412  0.14189804165727346
1  653  0.1718353727324741
1  810  0.13170363569537163
1  884  0.14142618501220297
1  915  0.19033440323391515
1  923  0.17961112282913355
1  928  0.12724177982601953
1  933  0.14016018183200038
1  946  0.19997064478652338
1  952  0.17102702767965255
1  971  0.21530738799677943
1  1004  0.12952189159679117
1  1006  0.14630726348507747
1  1010  0.14115194869287248
1  1013  0.140897272359664
1  1017  0.1709340213632259
1  1019  0.12861807237842804
1  1051  0.12870532387551667
1  1079  0.1270635308378625
1  1145  0.12957317138405208
1  1191  0.14151441102346832
1  1192  0.13029236389748972
1  1210  0.127243590852797
1  1246  0.18946747736973402
1  1377  0.13591618911282466
1  1396  0.12205728848118189
1  1423  0.17235352274895083
1  1438  0.15091669807379504
1  1456  0.12478090404970306
2  3  0.13074075581306355
2  16  0.13102524394529003
2  30  0.14245550530656403
2  91  0.17506120162131972
2  118  0.2603635813136957
2  140  0.17651016616075552
2  199  0.12532476262890063
2  207  0.13603452168609514
2  210  0.2908313394558536
2  213  0.18047349202015486
2  215  0.14505467927451593
2  217  0.19752042274007997
2  219  0.15917452018741074
2  280  0.1384072167510709
2  291  0.13251609327883243
2  294  0.1304766906039159
2  339  0.17912313246713782
2  347  0.1657125169251445
2  363  0.18364196115663003
2  369  0.13850050638577252
2  374  0.14540468638670825
2  653  0.3138498353216745
2  822  0.17175787112632268
2  853  0.20871048003667605
2  878  0.13002592780839062
2  883  0.14804912191265648
2  884  0.22796772505685892
2  915  0.1816449088077786
2  946  0.23248654373408292
2  954  0.17912518889587234
2  959  0.12279602984465995
2  960  0.12251805985367768
2  971  0.30943558051985603
2  996  0.120058515540331
2  1010  0.13459554639529606
2  1012  0.18303841456088385
2  1145  0.15847297338700309
2  1170  0.14659720027998027
2  1182  0.14126952643550833
2  1197  0.17843397889762072
2  1235  0.15340058913072593
2  1246  0.13017958274466002
2  1284  0.1958375264879457
2  1341  0.1809449342742656
2  1353  0.14606299640818568
2  1378  0.1258750160380457
2  1423  0.15525455328265197
3  447  0.12530350483584532
3  482  0.1919910719510966
3  507  0.14107808195599453
3  509  0.14567842692402233
3  517  0.18108686050285838
3  578  0.164475679742687
3  592  0.12169019657736244
3  602  0.13640836834947925
3  625  0.13170896239282887
3  641  0.15307375198599787
3  735  0.19206745405706063
3  1326  0.12523870613063695
4  144  0.13699532465661943
4  205  0.13819484259625003
4  375  0.1343241508260164
4  467  0.1439471481797176
4  494  0.13196549148965367
4  501  0.12732543662136248
4  511  0.13712721869336245
4  533  0.125342264600897
4  555  0.12099924364251508
4  560  0.13134087436281944
4  566  0.1421466507253995
4  578  0.12828203437550548
4  600  0.14781751587807118
4  702  0.12927498305457952
4  726  0.13499234786198258
4  727  0.1418145778985646
4  733  0.12459188678443145
4  741  0.1202238540708318
4  742  0.13708411739979445
4  838  0.1325674498652661
4  881  0.13543367459891634
4  989  0.1361811017390213
4  1077  0.14607942230368118
4  1095  0.1293944339446477
4  1206  0.18098756609727393
4  1245  0.17741523131066084
4  1375  0.18130173720543366
4  1395  0.16624962306669663
5  29  0.13039759853228364
5  33  0.12725752001383459
5  45  0.1440763447177867
5  48  0.1828095424449608
5  66  0.14049263654481237
5  68  0.1628877946628731
5  78  0.12706356515241127
5  85  0.18254326712192248
5  206  0.16348265549105595
5  428  0.1537892898515909
5  447  0.15075531570740072
5  455  0.15813696945079947
5  482  0.12696971486796207
5  483  0.12942866980404766
5  485  0.12161729188675786
5  491  0.18429583095324045
5  500  0.14290533336835243
5  503  0.13629321576645836
5  509  0.12381252765520083
5  522  0.13607866647843017
5  527  0.1283577062589179
5  574  0.12860920064331677
5  595  0.21403754970212288
5  602  0.1498970785613296
5  605  0.1796565540234982
5  614  0.14281880217405551
5  636  0.12389644548448926
5  647  0.12342673349461271
5  727  0.12577024979905602
5  768  0.16599138261768434
5  772  0.12720733960975467
5  782  0.17663719978887268
5  801  0.22539456931400223
5  850  0.13299711804940448
5  869  0.15010687013734755
5  992  0.13511389747329902
5  1117  0.16220685912894642
5  1123  0.1757248421895581
5  1326  0.15013569688543438
5  1360  0.15374251626321278
5  1403  0.16464704921627724
5  1447  0.15852778849008956
6  50  0.15264048956518855
6  51  0.143488543232588
6  67  0.13129036462137603
6  70  0.12068201721443032
6  71  0.15694351339755555
6  83  0.12993210080206824
6  308  0.14372950401802945
6  314  0.1313271332295035
6  328  0.12288665404035307
6  354  0.1417108404750283
6  361  0.1687756681087327
6  376  0.18186760468154084
6  445  0.1615696457698662
6  447  0.14659150956933595
6  478  0.12860192661826322
6  487  0.1304415591652264
6  488  0.12480201016520448
6  502  0.1979745318395658
6  521  0.1561302638401389
6  529  0.14968644544251516
6  561  0.2053615973811291
6  563  0.17281334338661888
6  564  0.15730634015806297
6  565  0.14238955127382058
6  569  0.18482416029000143
6  574  0.12662612145341848
6  595  0.12298261544263442
6  607  0.12199047150616385
6  643  0.12058560111657787
6  659  0.14316817684404423
6  660  0.15475535878032018
6  661  0.13981404803322037
6  662  0.1619722118111084
6  789  0.1306173830228402
6  804  0.13489307212966875
6  818  0.12025118998077147
6  893  0.18662079150985722
6  1053  0.13469320791314415
6  1126  0.13541083068025242
6  1173  0.13505734969595348
6  1244  0.1726374526263885
6  1280  0.1267771060720176
6  1326  0.12220624444362557
6  1418  0.17245672258009576
6  1420  0.1487744372705368
7  27  0.14592448722501883
7  38  0.29379899224571987
7  49  0.19977232461607458
7  60  0.1900978764728194
7  88  0.13681487668333
7  443  0.30884436671507914
7  444  0.1456600358590168
7  446  0.18635671965992645
7  448  0.17940008069398236
7  472  0.20084336283858048
7  484  0.14223550020413214
7  485  0.18297836103023102
7  486  0.14764805903832254
7  491  0.15165819899800873
7  502  0.13330846818194966
7  518  0.16819228734336816
7  522  0.17971978936402722
7  624  0.15518017261613035
7  631  0.2277727497546021
7  651  0.17662862548601815
7  658  0.17017908408420218
7  659  0.18589531878502397
7  712  0.22370966001251233
7  761  0.1465830832426366
7  804  0.13594405182505165
7  805  0.19837589701687272
7  850  0.13842517652025227
7  955  0.1496264524367547
7  1053  0.1211443510315791
7  1116  0.12496051698393411
7  1273  0.13767810493218177
7  1280  0.12441808940648971
7  1281  0.16588263968483072
7  1284  0.142927760212562
7  1286  0.12766266751503455
8  71  0.19521785377857506
8  74  0.3083300920439553
8  113  0.133985953780343
8  134  0.1492819608121712
8  203  0.1361725811403785
8  219  0.12856316135752144
8  381  0.5318645134946445
8  451  0.3556334865474673
8  458  0.1268625732387043
8  480  0.12208229269159411
8  525  0.17357582602851349
8  564  0.14160813991225457
8  585  0.22448981484714664
8  590  0.12850736442123792
8  602  0.2535436231795793
8  607  0.3753251450458402
8  614  0.12432458604787854
8  805  0.2253414481087874
8  882  0.4074153215400364
8  890  0.13608928814417173
8  985  0.4354788022118135
8  1050  0.33824406605094776
8  1135  0.16033640482899908
9  209  0.12664486846232278
9  752  0.12456841484395947
9  787  0.12691347206459183
9  789  0.1943369312150591
9  809  0.1986985752804463
9  1095  0.1444570229936284
9  1154  0.22457511161772978
9  1157  0.14743407614020015
9  1275  0.13719788117345177
10  38  0.14754939266848374
10  40  0.12324104138322242
10  88  0.16010749065540625
10  104  0.1671556977149994
10  106  0.1611252621565307
10  116  0.19187678754322748
10  134  0.19801258279968892
10  175  0.12171546086770159
10  217  0.12177349411106543
10  311  0.128505928498589
10  477  0.3044607265834687
10  515  0.14856853382377302
10  532  0.13316727697878006
10  539  0.15270909111592906
10  541  0.23838318520570126
10  573  0.17783106230489293
10  601  0.15455599458313307
10  615  0.12005809069947065
10  631  0.18499453244444827
10  640  0.20244878078260511
10  837  0.21199704603910569
10  971  0.20055305382309488
10  1091  0.16525944514412164
10  1127  0.1413743759866188
10  1223  0.12225725619686191
10  1237  0.12458135367401726
10  1273  0.12073109305148003
10  1276  0.13702199512479804
10  1284  0.1416086192940052
10  1286  0.16953119084244977
10  1339  0.12018876917846143
10  1345  0.13657743707422526
10  1391  0.13686009856318582
10  1417  0.12504751210155512
11  50  0.13184542559636148
11  51  0.18133519759336847
11  56  0.16659938421165288
11  71  0.15382390886957592
11  77  0.1525005851681993
11  80  0.40158362615456794
11  81  0.3122551446262904
11  82  0.1203991361526152
11  112  0.15944003522823028
11  194  0.12218728901652019
11  376  0.12139221285218374
11  388  0.12275538814719777
11  433  0.14081820411237855
11  445  0.12788536148227508
11  499  0.23169018676811506
11  505  0.12432346041210313
11  509  0.14094239810498588
11  521  0.12909091828954183
11  526  0.13802467732971252
11  529  0.13770173370736852
11  564  0.2640894749446776
11  570  0.12666477631318795
11  589  0.20263349501049113
11  643  0.1442122258838991
11  661  0.1524714056416287
11  795  0.12190594684035756
11  823  0.12621611738357202
11  1009  0.19475557954777628
11  1048  0.16635948515224783
11  1143  0.15837924125396935
11  1214  0.15613643327617008
11  1281  0.12778704104054597
11  1297  0.15066679260284876
11  1375  0.12853642188349262
11  1420  0.2227043119483059
12  72  0.13316121317002427
12  174  0.17011069795537884
12  178  0.12639337237068982
12  179  0.12075317984013968
12  308  0.1253577782968457
12  374  0.15142906908675116
12  375  0.12394685624803682
12  458  0.16391104739943327
12  460  0.15656507499149624
12  508  0.14206193626977068
12  537  0.12005151466376184
12  538  0.14793600945247487
12  564  0.2036168202636525
12  571  0.1402411239791253
12  826  0.13801557592606065
12  850  0.12286204792141017
12  894  0.12497062240454931
12  1077  0.15720972700395333
12  1088  0.1965403756963222
12  1135  0.17052176133771066
12  1203  0.1719020302145438
12  1295  0.12381382979995056
12  1367  0.12933788299781002
12  1404  0.12433488545891545
13  10  0.2171506203383948
13  16  0.14216336225283263
13  23  0.12219499666415197
13  89  0.15113230625715637
13  134  0.12921743425101453
13  135  0.1772798361892765
13  140  0.14457541781942745
13  176  0.19171278530792507
13  177  0.2211220758260862
13  179  0.1419630380628987
13  186  0.13070334275504206
13  260  0.13233986324847785
13  280  0.21346469278516264
13  283  0.1449103864374391
13  286  0.2797405721482312
13  339  0.2778917606842518
13  405  0.2990596916170831
13  408  0.12584521144671054
13  848  0.195440772636549
13  890  0.1205702816239045
13  915  0.17096197483197914
13  916  0.24056913127443166
13  929  0.13296600316680096
13  942  0.12164860812991157
13  969  0.14388704659348023
13  989  0.22436726206799743
13  1011  0.13120445568452094
13  1020  0.12057016683677467
13  1236  0.15311374745914852
13  1279  0.18732092523835436
13  1353  0.15878936503506177
14  23  0.14431219006146426
14  60  0.12194479922665723
14  72  0.17807167692767395
14  113  0.14188821089974182
14  119  0.14158748835135546
14  122  0.1413064003685034
14  130  0.13349133433961832
14  132  0.13020835837778955
14  134  0.18868223985076774
14  135  0.12061977023244
14  139  0.22360438723320009
14  174  0.14015697793999535
14  175  0.12160214239779286
14  176  0.13698658408175662
14  179  0.1995296783065404
14  290  0.13372640874390126
14  374  0.1749603133498481
14  375  0.2181906336924742
14  380  0.14894916700649974
14  388  0.13045602055410838
14  444  0.14912202321013238
14  450  0.14087216227247032
14  453  0.14101558056953198
14  457  0.2346348493927998
14  458  0.31044818418165904
14  460  0.157862108258089
14  473  0.14458449708278784
14  496  0.15006169537198888
14  507  0.1230550137123141
14  508  0.14806110332518851
14  525  0.17634371983493477
14  537  0.235835963611682
14  538  0.15231620711040286
14  552  0.1401590318957302
14  564  0.2457047109199908
14  589  0.13417070881759477
14  590  0.16015574018698311
14  593  0.18009935588080953
14  594  0.17288115528953585
14  610  0.21643114317627782
14  614  0.14992735840893784
14  625  0.13172976585890206
14  629  0.13772275384356647
14  643  0.1331297561790499
14  647  0.202174715848809
14  689  0.12249163473871048
14  826  0.1926611994331851
14  850  0.1514556796577127
14  855  0.12458914290211699
14  859  0.1392313609717923
14  882  0.1348317476812907
14  894  0.17397821523518878
14  1006  0.12624682966776052
14  1052  0.12594397535928806
14  1077  0.13620597768488904
14  1091  0.13090398973743447
14  1119  0.13284380396253287
14  1123  0.12222240975106129
14  1135  0.20800267360957417
14  1142  0.14027146728479503
14  1281  0.15899931163587908
14  1297  0.13520661617181254
14  1302  0.15489300858448637
14  1404  0.18515323372025264
14  1447  0.1465484686220901
15  5  0.1245588038794811
15  28  0.22202122849309983
15  32  0.12281619674550183
15  40  0.14619887035059423
15  94  0.1467582579684557
15  97  0.17776766672040634
15  109  0.21013109985594933
15  115  0.13047449507368777
15  127  0.20282208216065792
15  133  0.1957642590980224
15  165  0.16811023691315377
15  193  0.1201434723536568
15  371  0.16160844157567814
15  382  0.1400419692728168
15  438  0.1200167728392597
15  439  0.12651706362635948
15  458  0.13093216620220763
15  473  0.19369012034169414
15  512  0.1710859781464026
15  536  0.12244398148405443
15  538  0.12449485342900773
15  543  0.1483647858793685
15  559  0.2006383815297435
15  564  0.1732647268292257
15  574  0.13154908610400176
15  645  0.243292060110497
15  770  0.12200133625674706
15  802  0.16153002476501016
15  826  0.14229311934208944
15  828  0.1357481224984439
15  894  0.12216466649178258
15  898  0.2393603116330493
15  964  0.23029838635355437
15  1016  0.1944827397136
15  1079  0.12433582274260105
15  1088  0.21872007056392856
15  1094  0.19540449891907413
15  1097  0.1742503812792215
15  1098  0.15101451844021455
15  1099  0.15413999631511013
15  1105  0.18178514866289325
15  1111  0.13668095586374943
15  1115  0.18048698411728548
15  1120  0.1509367401787408
15  1159  0.13893986827490826
15  1160  0.15809501652382912
15  1173  0.1319641942542827
15  1189  0.20976200227686612
15  1190  0.19033231129012088
15  1222  0.13842525059508134
15  1272  0.12915683359196192
15  1277  0.15822773623938916
15  1278  0.12383171726753259
15  1283  0.16547594915612507
15  1286  0.22458779129378578
15  1288  0.14901677841668032
15  1314  0.20206061002885373
15  1315  0.1378534656805081
15  1341  0.13224717812435202
15  1445  0.18789910695454762
17  35  0.19814470626632258
17  36  0.1236368764452313
17  59  0.1326543456673979
17  113  0.12051936133157505
17  130  0.16701180721307213
17  132  0.21081228326016294
17  135  0.16200095938677836
17  147  0.14011893315030097
17  162  0.14286389076014058
17  173  0.13999985932753814
17  176  0.19707683570000675
17  179  0.13452717157731126
17  180  0.29131182372285774
17  181  0.22792431102806607
17  182  0.12102825782996811
17  192  0.2857099488021241
17  194  0.1370627214721702
17  201  0.19823347325211152
17  203  0.25745514523999047
17  208  0.1435710652277592
17  209  0.1247989482681776
17  214  0.16063389745213472
17  215  0.21334044596776547
17  216  0.20997749074079083
17  218  0.13812692380457817
17  219  0.31065657569142396
17  224  0.1265801412303424
17  335  0.23619875386092073
17  409  0.2094421785281662
17  414  0.15064753099341988
17  546  0.1613520970162656
17  552  0.127471870565614
17  571  0.15649674252150075
17  859  0.14337599306029578
17  873  0.14869321862754883
17  890  0.392736076267188
17  978  0.18572083552155927
17  985  0.13839798139343876
17  1026  0.1838114134698683
17  1049  0.14335311785055166
17  1113  0.16352816314711763
17  1127  0.2059901008274603
17  1138  0.15511085499162514
17  1146  0.2175336495066185
17  1248  0.2418953954297867
18  48  0.1964099619504019
18  75  0.12329592386750671
18  86  0.14642693509218083
18  96  0.19861382112627124
18  109  0.1290254361205995
18  110  0.2440719295481895
18  111  0.20622067970647698
18  120  0.17335824244192757
18  174  0.1230198981132227
18  182  0.14045298506749085
18  188  0.19295293617280276
18  197  0.1554429784702527
18  198  0.1550789506546161
18  200  0.14442484386205556
18  202  0.21206888855717018
18  209  0.14432959219695995
18  254  0.1369692298108191
18  378  0.16335416016313306
18  439  0.1293708360154148
18  489  0.12405307110937167
18  493  0.13103213950811093
18  579  0.13247910569773086
18  586  0.1907014887199101
18  587  0.28460565479051
18  610  0.14765677128870344
18  612  0.17883731467923542
18  613  0.24672966013229272
18  617  0.20486588171372608
18  634  0.1439879507647979
18  716  0.2282762626949294
18  743  0.23759267826306785
18  747  0.13494219122082007
18  755  0.22299605994093347
18  776  0.17859953221541855
18  781  0.19782340559013892
18  820  0.1286001975898974
18  830  0.15278427755924162
18  865  0.1829709039072157
18  869  0.1417774170148743
18  904  0.14879021546784213
18  976  0.13787611153671428
18  1077  0.1642032500706734
18  1096  0.1818957517056888
18  1107  0.17534086840949328
18  1108  0.2080883269632546
18  1113  0.17531050618932856
18  1155  0.2357000316533882
18  1166  0.18620502005970954
18  1181  0.16497084579850985
18  1208  0.13118215464633867
18  1283  0.2337437778034017
18  1297  0.16905414171977026
18  1300  0.1295580417842584
18  1351  0.14507138934619032
18  1354  0.12662954453291947
18  1431  0.254485885870015
19  18  0.21450757772178292
19  127  0.14410999639351157
19  150  0.1588028765121267
19  174  0.12389031373540871
19  309  0.12956102375815598
19  316  0.32575911538958335
19  318  0.1340444293567892
19  328  0.140454829765978
19  389  0.17024156862271908
19  395  0.20809850694051854
19  433  0.207066657974365
19  444  0.16739495694777037
19  457  0.12510388430637778
19  476  0.21459259519482
19  491  0.133766094064273
19  494  0.12851495682803168
19  513  0.13405162342275176
19  529  0.20523816386608523
19  537  0.1257443009139987
19  538  0.28209246449790026
19  571  0.2432400788464147
19  594  0.15116627725225723
19  608  0.17186900504561117
19  614  0.14250685217219497
19  636  0.1619356153584267
19  640  0.14583282473382705
19  645  0.16577496850974294
19  727  0.12449439237225914
19  754  0.19966235195910886
19  795  0.13304061180933943
19  813  0.16125432093971204
19  816  0.12775524261237972
19  826  0.12964292368246516
19  899  0.15313720125197283
19  900  0.16423800579384135
19  1015  0.1345335504799687
19  1023  0.16689167651953415
19  1123  0.14282131180133925
19  1128  0.14896609441663086
19  1135  0.164608702450118
19  1138  0.31726295725202674
19  1142  0.1392351943633288
19  1161  0.2961145841477152
19  1163  0.2971406523723185
19  1170  0.17452072145592035
19  1184  0.17567247768078575
19  1224  0.13753636929424767
19  1279  0.17096588284809142
19  1326  0.13934529798107564
19  1413  0.13009547154478418
19  1426  0.22193468993593446
19  1442  0.14500638076709946
20  52  0.12434824115541704
20  53  0.18724473678701528
20  57  0.1541317470901928
20  148  0.14752925697380723
20  318  0.14535979277170732
20  429  0.3764607372687815
20  442  0.2126410124817387
20  445  0.19152930950304262
20  454  0.30095465648489483
20  463  0.27703494859591465
20  488  0.12053311965687939
20  561  0.19959966572052878
20  565  0.14177362962687204
20  659  0.15877172231348638
20  738  0.16219149498071014
20  744  0.15648017722180987
20  789  0.1309914037572593
20  809  0.2538289715008321
20  1154  0.13307214922993185
20  1362  0.12142522439372458
21  50  0.15779814010600504
21  60  0.16463560492193152
21  61  0.17219980318040076
21  84  0.14783393469762046
21  166  0.1385138231713553
21  308  0.1382608072329874
21  309  0.13692472809748074
21  447  0.27175579281835804
21  467  0.12413635980776616
21  482  0.15345551751535494
21  485  0.13067722201987655
21  486  0.13024005954901624
21  502  0.12215692372697376
21  508  0.33807227046500465
21  509  0.13790237529752208
21  513  0.12360842981508284
21  514  0.17009400265760433
21  517  0.14292514160393036
21  563  0.1959445178270319
21  574  0.1622909383471881
21  576  0.14179521530566902
21  595  0.12610905155661928
21  602  0.12284781871509194
21  604  0.15027012806774445
21  614  0.21475559582132656
21  630  0.20474418009518883
21  643  0.2040056245091651
21  648  0.16979520598702472
21  650  0.1556144128020764
21  653  0.12103879624044597
21  658  0.12253765241851047
21  660  0.1565422607607956
21  662  0.19184107107501472
21  681  0.14586726629864644
21  714  0.1284268657161983
21  727  0.1240889248255183
21  753  0.1487510295184973
21  777  0.12596196143298763
21  828  0.1678341767413456
21  870  0.13094379807620307
21  894  0.1363229465136135
21  955  0.14069986451438077
21  959  0.12018333215966581
21  1038  0.1230505632691912
21  1123  0.14251950349857667
21  1135  0.12071745506669093
21  1164  0.12797895749743618
21  1418  0.15201714037398106
22  16  0.1468723987136632
22  40  0.1405654558575393
22  75  0.13143832074941258
22  96  0.2301729782558435
22  109  0.18806509340798697
22  110  0.2326458452942871
22  137  0.12990860013982253
22  182  0.19273885274790284
22  188  0.1484245589501573
22  192  0.15503279422306218
22  193  0.20418343694519026
22  197  0.1440704498536601
22  200  0.16740039005208734
22  202  0.23895054038475977
22  209  0.12173547609708694
22  252  0.13804303488642908
22  254  0.14625937033131273
22  257  0.14184437645291345
22  370  0.1412559311752669
22  439  0.12588308083999675
22  559  0.1327765185248457
22  587  0.26303912431816395
22  612  0.20624611227252895
22  613  0.21310202732842665
22  617  0.2081410605090687
22  634  0.13519793782694275
22  690  0.1361854381538354
22  743  0.21347562897433064
22  755  0.20663670110410476
22  769  0.16272588428324494
22  776  0.20691952209608705
22  781  0.18118548923268402
22  793  0.15724371989517463
22  803  0.14727910107621606
22  820  0.12149743079612045
22  830  0.13455722107346307
22  898  0.15179932258533366
22  900  0.12624657909813136
22  942  0.12294799620163262
22  976  0.18901550537071243
22  985  0.14081874245695644
22  1079  0.1386633772017317
22  1082  0.16100628361182823
22  1099  0.13459497052839764
22  1107  0.14974638089740475
22  1111  0.1433727412400732
22  1155  0.15146272213792988
22  1159  0.14873662525989445
22  1166  0.2055109495952326
22  1171  0.1359746866546287
22  1181  0.18232370996941588
22  1208  0.13094343177513498
22  1209  0.15327449993196257
22  1300  0.12033632902509493
22  1334  0.14789328762070417
22  1459  0.20243069544581574
23  16  0.15026705284946754
23  137  0.1285494927241303
23  709  0.1357734791825633
23  1003  0.1968381542866314
23  1075  0.171711599371079
23  1160  0.13127839444771602
23  1255  0.1286292605113161
23  1279  0.16354274574629668
23  1411  0.13431487756490362
24  126  0.1223534410018025
24  174  0.19810808667891655
24  178  0.19107696937939916
24  199  0.14010911567304088
24  290  0.1354428150918681
24  387  0.13521836768482529
24  419  0.13554466972990925
24  482  0.16078352639233012
24  509  0.19075718439645367
24  578  0.13621292305089336
24  705  0.13531838904016139
24  819  0.19144985081532917
24  834  0.1543312662945607
24  861  0.13611370259914332
24  1003  0.16503560182819915
24  1041  0.1314209827413882
24  1179  0.19597140248090766
24  1279  0.22420772008627093
24  1297  0.1501826052672304
24  1390  0.12105397821098421
24  1408  0.1797582739649339
25  1  0.16415665456222314
25  7  0.14939242735830693
25  22  0.15598872864704696
25  28  0.23636727857557308
25  35  0.23754569699985006
25  89  0.13177731998916747
25  113  0.13848238693795883
25  114  0.129146130936026
25  134  0.1379766694670408
25  175  0.1483435367110837
25  176  0.2165754216068465
25  179  0.14520922830684896
25  183  0.23470351549088392
25  188  0.16914782748845597
25  198  0.1337955862585994
25  201  0.13771882767577415
25  202  0.18045726604727927
25  239  0.14733239403640147
25  260  0.16626249152390837
25  263  0.13878881873280313
25  279  0.18826689127511315
25  289  0.2012948243282135
25  335  0.15049982855024052
25  339  0.19663387098688034
25  363  0.13622875197367354
25  369  0.1316139077708699
25  382  0.13011181627263604
25  387  0.12164354276728497
25  404  0.12138261642846415
25  405  0.12959498342175496
25  457  0.12109579069976659
25  500  0.1454478427408033
25  534  0.1391126502004248
25  537  0.12171568956147735
25  547  0.12560481483490607
25  742  0.12079666073583235
25  769  0.12200821246766598
25  810  0.17971108103413017
25  815  0.12153184508014622
25  838  0.12827864282122634
25  859  0.14267048561663778
25  925  0.120681857344992
25  929  0.1332123371916273
25  942  0.1295496073118056
25  978  0.1699772574777601
25  1017  0.12342331250285651
25  1036  0.15931074809018023
25  1236  0.13389356954100967
25  1445  0.12222046401542003
26  387  0.12854590351839995
26  438  0.14482731501327065
26  509  0.13724482309165525
26  1188  0.16624843461488367
27  129  0.17502119130930924
27  322  0.2133100443703425
27  410  0.18107409425929374
27  768  0.12837850095352726
27  795  0.1555831028643042
27  872  0.16724472067381232
27  995  0.21467371917985406
27  998  0.1797451187715223
27  999  0.16033243194874358
27  1003  0.2260209775716486
27  1052  0.12829630905581557
27  1160  0.1220889247278672
27  1188  0.19370816436470328
27  1244  0.19415041121134483
27  1255  0.1610974658034008
27  1283  0.1263581951314435
27  1288  0.1381293596508612
27  1302  0.16740807921700054
27  1361  0.12443953852899389
27  1434  0.1380733521289432
27  1435  0.18428277143069777
27  1440  0.1901829972046234
28  48  0.12437401442865174
28  73  0.13148501114984798
28  113  0.12998031704872426
28  134  0.12214823809465598
28  176  0.1774031059288764
28  179  0.135805376132158
28  313  0.1328116961015141
28  335  0.12327870276546667
28  339  0.1863077013211514
28  436  0.1308862426086903
28  457  0.12678364631103076
28  489  0.13837256417616245
28  499  0.1309182299164242
28  522  0.13309997060042328
28  537  0.12743266175225781
28  590  0.2530280734406753
28  610  0.12459661870177009
28  614  0.2087138215442867
28  655  0.17340210740110565
28  716  0.13379495478683687
28  821  0.13694596444983403
28  864  0.15934420006226804
28  865  0.128454439752602
28  973  0.19351125387666043
28  978  0.1364518423307954
28  1008  0.13011886771525744
28  1077  0.1280595457061552
28  1124  0.12815027236561577
28  1204  0.1226502196220552
28  1263  0.1514984917855026
28  1283  0.13699951897629012
28  1297  0.1617649168829329
28  1352  0.12300089528086702
28  1373  0.1293404705393724
29  12  0.14737999555408987
29  55  0.20606626071624684
29  126  0.13866672543309708
29  128  0.15366094675908165
29  144  0.1836827053637938
29  208  0.22722857708533722
29  264  0.16307800732088157
29  275  0.21042180058105636
29  281  0.14531438874361202
29  285  0.23318134715898056
29  291  0.12681802492052835
29  298  0.1200103391562314
29  306  0.12608553086835073
29  325  0.1399988540214043
29  329  0.1643453530374579
29  373  0.1250185366424633
29  375  0.12241112850482017
29  481  0.12034964059448396
29  483  0.13468583856480562
29  489  0.1202133070046487
29  501  0.20272643391095024
29  522  0.15399577005419302
29  527  0.12919758347399798
29  528  0.12465756108004875
29  533  0.3447181325724852
29  578  0.17516736497145494
29  590  0.1690222765754799
29  592  0.1373005074395793
29  603  0.13303169956444544
29  614  0.19135247451463724
29  616  0.18834182727855558
29  644  0.12308319152144727
29  669  0.1292840965529874
29  727  0.12781519125499924
29  821  0.19222582609637395
29  841  0.13316803895894463
29  847  0.25759864291243695
29  850  0.12963990365718678
29  859  0.12650990636885603
29  870  0.13269846509417865
29  871  0.18810754994193854
29  873  0.20677575633780568
29  874  0.18948104629163842
29  875  0.14086698889037966
29  879  0.18890496172889443
29  885  0.20592648916208894
29  886  0.25404861013743346
29  891  0.3394284082199673
29  927  0.22692792741191323
29  962  0.2650713556819329
29  969  0.1574797654589641
29  972  0.19112385647501098
29  992  0.19281067302610672
29  997  0.12453947534661775
29  1077  0.12171589076240992
29  1135  0.17766068522359799
29  1192  0.17637400400361497
29  1196  0.1338608601113113
29  1206  0.13798245174772053
29  1251  0.23964118043312593
29  1367  0.12548800344894692
29  1375  0.17832083814234168
29  1394  0.20770176153538647
29  1395  0.14855947734094055
29  1444  0.15118207463465663
30  538  0.13418112118251746
30  1161  0.20843572220637144
30  1163  0.20915797393890187
30  1184  0.15017405606968662
